La = 0.48  ; %H 
Ra = 7; % Omh
Kt = 8.8e-3*(60/(2*pi));  
Iw = 3e-6*[1 0 0 ; 0 1 0; 0 0 1];
B = 8.85e-6*(60/(2*pi));  
Ke = 0.922e-3*(60/(2*pi)); 