La = 10 ;
Ra = 100; 
Kt = 1; 
Iw = [1 0 0 ; 0 1 0; 0 0 1];
B = 1 ; 
Ke = 1; 